1009
1013
1019
1021
1031
1033
1039
1049
9257
1051
1061
1063
1069
1087
1091
1093
9277
1097
9281
1103
1109
1117
1123
1129
9283
1151
1153
1163
1171
1181
9293
1187
1193
1201
1213
1217
9311
1223
1229
1231
1237
1249
9319
1259
1277
1279
1283
9323
1289
1291
1297
1301
1303
9337
1307
1319
1321
1327
9341
1361
1367
1373
1381
17509
1399
9343
1409
1423
1427
1429
9349
1433
1439
1447
17519
1451
9371
1453
1459
1471
1481
1483
9377
1487
1489
17539
1493
1499
25759
1511
9391
1523
1531
1543
1549
17551
9397
1553
1559
25763
1567
1571
1579
9403
1583
1597
1601
17569
1607
25771
1609
9413
1613
1619
1621
1627
9419
1637
17573
1657
25793
1663
1667
1669
9421
1693
1697
1699
1709
25799
17579
9431
1721
1723
1733
1741
9433
1747
1753
1759
25801
17581
1777
9437
1783
1787
42257
1789
1801
9439
1811
1823
1831
17597
1847
9461
1861
25819
1867
34019
1871
1873
9463
1877
1879
17599
1889
1901
9467
1907
42281
1913
1931
34031
1933
9473
1949
17609
1951
25841
1973
1979
9479
1987
1993
1997
1999
9491
17623
2003
2011
2017
42283
2027
25847
9497
2029
58757
2039
34033
2053
17627
2063
9511
2069
2081
2083
2087
9521
2089
2099
25849
50503
17657
2111
9533
42293
2113
2129
2131
9539
2137
34039
2141
2143
17659
2153
9547
2161
2179
25867
2203
2207
9551
67003
2213
2221
17669
42299
2237
2239
50513
9587
58763
34057
2243
2251
2267
2269
9601
25873
17681
2273
2281
2287
9613
2293
2297
2309
2311
42307
17683
9619
2333
2339
2341
34061
2347
25889
9623
50527
2351
2357
17707
2371
9629
2377
2381
2383
75253
2389
9631
2393
42323
17713
67021
2399
58771
2411
25903
9643
2417
2423
2437
2441
9649
17729
50539
34123
2447
2459
83537
2467
9661
2473
2477
42331
2503
17737
25913
9677
2521
2531
2539
9679
2543
2549
2551
17747
2557
9689
75269
34127
50543
2579
2591
2593
25919
9697
2609
42337
17749
58787
2617
2621
9719
67033
2633
2647
2657
9721
2659
17761
2663
2671
83557
2677
9733
25931
34129
2683
50549
2687
42349
2689
9739
17783
2693
2699
2707
9743
2711
75277
2713
2719
17789
25933
9749
2729
2731
34141
2741
9767
2749
58789
42359
2753
17791
2767
9769
2777
50551
2789
2791
25939
67043
9781
2797
2801
17807
83561
2803
9787
2819
2833
2837
34147
9791
2843
17827
2851
42373
75289
2857
25943
2861
9803
2879
2887
17837
2897
9811
50581
2903
2909
2917
9817
2927
58831
25951
17839
2939
34157
9829
2953
42379
2957
2963
9833
2969
83563
67049
2971
2999
17851
9839
3001
3011
75307
25969
3019
50587
9851
3023
3037
34159
3041
17863
9857
3049
42391
3061
3067
9859
3079
3083
17881
58889
25981
3089
9871
3109
3119
9883
3121
3137
17891
34171
50591
3163
83579
9887
3167
42397
3169
75323
3181
67057
9901
25997
3187
17903
3191
9907
3203
3209
3217
9923
17909
3221
3229
34183
3251
9929
58897
3253
25999
50593
42403
3257
17911
3259
9931
3271
3299
9941
3301
3307
17921
83591
75329
3313
9949
3319
26003
34211
3323
3329
9967
17923
3331
67061
42407
3343
3347
9973
3359
50599
3361
10007
26017
17929
3371
3373
58901
10009
3389
34213
3391
3407
17939
10037
42409
3413
3433
75337
3449
26021
10039
3457
3461
17957
10061
3463
50627
83597
3467
3469
34217
10067
3491
17959
42433
3499
26029
10069
3511
67073
3517
3527
10079
17971
3529
58907
3533
3539
10091
3541
3547
42437
17977
26041
10093
34231
3557
50647
3559
75347
3571
10099
3581
3583
17981
10103
3593
3607
3613
10111
83609
26053
3617
42443
17987
3623
3631
10133
67079
34253
3637
58909
3643
50651
10139
17989
3659
3671
3673
10141
26083
3677
42451
3691
18013
10151
3697
3701
75353
34259
3709
10159
3719
18041
3727
10163
26099
3733
3739
50671
3761
10169
18043
3767
42457
83617
3769
10177
58913
3779
3793
34261
67103
10181
26107
3797
18047
3803
3821
10193
3823
3833
18049
10211
3847
50683
42461
3851
75367
3853
10223
26111
3863
18059
34267
3877
10243
3881
3889
3907
10247
58921
18061
3911
3917
10253
26113
3919
83621
42463
3923
18077
10259
50707
3929
67121
34273
3931
3943
10267
3947
18089
3967
10271
26119
3989
4001
75377
10273
4003
42467
18097
4007
4013
34283
10289
4019
58937
4021
50723
10301
26141
4027
18119
4049
10303
4051
4057
4073
18121
10313
83639
4079
42473
34297
4091
67129
10321
26153
4093
18127
4099
10331
4111
50741
4127
75389
10333
4129
18131
4133
4139
26161
58943
10337
42487
4153
34301
4157
10343
18133
4159
4177
10357
4201
4211
18143
26171
10369
4217
50753
83641
4219
67139
34303
42491
4229
10391
4231
18149
4241
10399
58963
75391
4243
4253
26177
10427
4259
18169
4261
4271
10429
34313
4273
42499
50767
4283
10433
18181
4289
26183
4297
10453
4327
4337
18191
10457
4339
4349
67141
83653
4357
10459
34319
26189
42509
4363
18199
58967
4373
75401
10463
50773
4391
4397
10477
18211
4409
4421
10487
26203
4423
4441
18217
10499
4447
42533
34327
4451
4457
10501
4463
18223
50777
4481
26209
10513
67153
4483
4493
58979
10529
18229
4507
83663
4513
75403
10531
42557
4517
34337
26227
4519
18233
10559
4523
4547
4549
10567
50789
4561
18251
4567
10589
26237
4583
4591
42569
34351
10597
18253
4597
4603
67157
10601
4621
58991
4637
26249
18257
10607
4639
75407
4643
83689
50821
10613
4649
18269
4651
42571
34361
4657
10627
26251
4663
4673
10631
18287
4679
4691
10639
4703
4721
18289
10651
26261
4723
50833
34367
42577
4729
67169
10657
58997
4733
18301
4751
10663
75431
4759
4783
26263
10667
4787
18307
83701
4789
10687
34369
4793
42589
4799
18311
50839
10691
4801
4813
26267
4817
10709
4831
18313
59009
4861
10711
4871
67181
34381
10723
42611
4877
18329
75437
4889
26293
10729
4903
50849
4909
18341
10733
4919
4931
10739
4933
34403
26297
4937
18353
42641
10753
4943
4951
59011
10771
4957
18367
4967
50857
10781
4969
75479
26309
67187
18371
4973
10789
4987
34421
4993
42643
18379
4999
10799
5003
5009
26317
10831
18397
5011
91753
5021
10837
50867
5023
18401
34429
5039
59021
10847
42649
5051
26321
5059
10853
18413
5077
75503
5081
10859
67189
5087
5099
10861
18427
5101
26339
34439
50873
5107
10867
42667
5113
18433
5119
10883
5147
5153
10889
59023
26347
18439
5167
91757
5171
10891
5179
34457
42677
5189
10903
18443
75511
50891
5197
67211
5209
10909
26357
5227
18451
5231
10937
5233
5237
10939
18457
34469
5261
26371
5273
10949
59029
5279
50893
18461
5281
10957
5297
5303
10973
26387
5309
18481
42683
91771
75521
34471
5323
10979
67213
5333
5347
10987
18493
5351
26393
10993
50909
5381
5387
18503
11003
5393
42689
59051
34483
5399
11027
5407
18517
26399
5413
11047
5417
5419
18521
11057
75527
5431
50923
5437
67217
11059
42697
5441
26407
34487
91781
18523
5443
11069
5449
5471
11071
5477
18539
59053
5479
26417
11083
5483
5501
50929
42701
18541
34499
11087
5503
5507
11093
5519
18553
75533
26423
5521
11113
67219
5527
5531
11117
18583
5557
34501
42703
5563
11119
59063
50951
91801
5569
26431
18587
11131
5573
5581
11149
5591
18593
5623
34511
11159
5639
42709
26437
5641
11161
75539
18617
5647
50957
5651
11171
67231
5653
18637
5657
26449
11173
59069
5659
34513
5669
11177
42719
5683
18661
5689
11197
91807
26459
5693
50969
11213
5701
18671
5711
11239
5717
34519
75541
42727
5737
18679
26479
11243
5741
67247
5743
11251
5749
18691
59077
5779
11257
50971
5783
26489
34537
5791
18701
11261
42737
5801
5807
11273
5813
18713
91811
11279
5821
26497
5827
75553
11287
5839
18719
50989
34543
5843
42743
11299
67261
5849
59083
5851
26501
18731
11311
5857
5861
11317
5867
18743
5869
11321
34549
26513
5879
42751
50993
5881
11329
18749
5897
5903
11351
75557
91813
5923
18757
26539
11353
5927
5939
67271
34583
59093
11369
42767
5953
18773
5981
51001
11383
5987
26557
6007
18787
11393
6011
6029
11399
34589
18793
6037
42773
26561
11411
6043
75571
6047
11423
18797
6053
51031
59107
6067
67273
11437
91823
26573
34591
18803
6073
11443
42787
6079
6089
11447
18839
6091
6101
26591
11467
51043
6113
18859
6121
11471
34603
75577
6131
42793
6133
11483
59113
18869
6143
26597
11489
67289
6151
6163
18899
11491
6173
51047
34607
91837
6197
11497
42797
6199
26627
18911
6203
11503
6211
6217
11519
18913
75583
6221
59119
34613
11527
6229
26633
51059
6247
42821
18917
11549
6257
67307
6263
11551
6269
18919
6271
26641
11579
34631
6277
6287
11587
18947
91841
42829
6299
51061
11593
6301
59123
26647
18959
6311
75611
11597
6317
34649
6323
11617
18973
6329
42839
6337
11621
26669
6343
18979
67339
51071
11633
6353
34651
6359
11657
6361
19001
6367
26681
59141
11677
42841
6373
91867
6379
75617
11681
19009
6389
34667
6397
11689
51109
26683
6421
19013
11699
6427
42853
6449
11701
19031
6451
67343
6469
11717
26687
34673
6473
59149
19037
11719
6481
51131
6491
75619
11731
42859
6521
19051
11743
91873
6529
6547
34679
11777
26693
19069
6551
59159
11779
6553
67349
51133
6563
19073
11783
26699
42863
6569
6571
11789
34687
6577
59167
19079
6581
26701
75629
11801
6599
11807
19081
6607
51137
6619
42899
26711
11813
6637
59183
91909
19087
6653
11821
34693
67369
6659
26713
6661
11827
19121
6673
11831
59197
6679
42901
26717
51151
6689
19139
11833
75641
6691
34703
6701
11839
26723
19141
6703
11863
59207
6709
6719
42923
19157
11867
26729
6733
51157
67391
34721
6737
91921
11887
6761
19163
26731
59209
6763
11897
6779
11903
19181
42929
75653
6781
26737
6791
11909
34729
6793
19183
51169
59219
6803
11923
26759
6823
11927
6827
19207
42937
6829
67399
11933
6833
26777
34739
59221
19211
6841
11939
91939
6857
51193
11941
6863
75659
26783
19213
6869
42943
11953
6871
59233
6883
34747
19219
11959
26801
6899
11969
6907
19231
6911
26813
51197
11971
67409
59239
6917
42953
6947
11981
19237
34757
6949
26821
11987
6959
75679
91943
6961
19249
12007
59243
6967
26833
6971
42961
51199
12011
6977
19259
6983
12037
34759
26839
6991
67411
59263
12041
6997
19267
7001
12043
26849
42967
7013
19273
51203
7019
12049
75683
34763
7027
59273
26861
12071
7039
19289
91951
7043
12073
7057
42979
19301
12097
26863
7069
59281
7079
34781
51217
12101
67421
7103
19309
26879
7109
12107
83717
7121
12109
19319
42989
75689
7127
59333
26881
7129
12113
34807
7151
19333
12119
51229
7159
26891
7177
12143
59341
19373
7187
43003
7193
12149
67427
26893
34819
7207
19379
12157
7211
7213
83719
12161
59351
26903
51239
75703
19381
7219
43013
7229
12163
7237
19387
26921
12197
34841
7243
7247
59357
12203
19391
7253
26927
12211
67429
7283
51241
43019
7297
19403
12227
34843
7307
26947
59359
7309
12239
75707
83737
19417
7321
12241
7331
26951
43037
7333
12251
19421
51257
59369
7349
34847
26953
12253
7351
19423
7369
12263
67433
7393
26959
7411
12269
59377
43049
19427
7417
34849
12277
51263
75709
7433
26981
19429
7451
12281
83761
7457
59387
12289
7459
19433
26987
43051
7477
12301
34871
7481
19441
7487
12323
51283
26993
67447
7489
59393
12329
7499
19447
7507
43063
27011
12343
75721
34877
7517
19457
12347
7523
59399
83773
7529
27017
12373
51287
7537
19463
7541
12377
43067
34883
7547
27031
19469
12379
7549
59407
67453
7559
12391
27043
7561
19471
75731
7573
12401
51307
43093
7577
34897
59417
19477
12409
27059
7583
7589
83777
12413
7591
19483
27061
12421
7603
59419
7607
43103
34913
19489
12433
51329
7621
27067
67477
7639
12437
19501
7643
75743
12451
7649
27073
59441
7669
12457
34919
19507
43117
7673
12473
51341
27077
7681
83791
19531
7687
12479
59443
7691
27091
7699
12487
19541
34939
43133
7703
67481
12491
7717
27103
19543
75767
59447
7723
51343
12497
7727
12503
7741
19553
27107
34949
43151
7753
12511
7757
59453
19559
83813
12517
7759
27109
7789
51347
12527
19571
7793
34961
67489
27127
12539
7817
43159
59467
75773
7823
19577
12541
7829
27143
12547
7841
19583
7853
51349
34963
12553
59471
7867
43177
27179
7873
12569
19597
83833
7877
12577
7879
27191
19603
59473
7883
12583
67493
34981
75781
7901
51361
43189
12589
19609
27197
7907
7919
12601
7927
59497
19661
27211
12611
7933
35023
7937
12613
43201
19681
7949
27239
51383
83843
12619
7951
59509
7963
19687
12637
67499
75787
7993
27241
35027
12641
8009
19697
43207
8011
12647
59513
27253
8017
51407
19699
12653
8039
35051
8053
12659
27259
19709
8059
59539
43223
12671
8069
83857
8081
27271
19717
12689
75793
67511
8087
51413
35053
12697
8089
59557
19727
27277
8093
12703
43237
8101
12713
8111
19739
27281
8117
12721
35059
59561
8123
51419
19751
12739
8147
27283
43261
83869
8161
75797
12743
19753
8167
67523
27299
59567
35069
12757
8171
19759
8179
12763
51421
8191
27329
43271
12781
8209
19763
59581
8219
12791
35081
27337
8221
19777
12799
8231
8233
75821
83873
43283
12809
27361
51427
19793
59611
8237
67531
12821
8243
35083
8263
19801
27367
12823
8269
59617
12829
8273
43291
19813
27397
8287
12841
51431
35089
8291
19819
12853
8293
27407
75833
59621
8297
12889
83891
19841
8311
43313
67537
12893
8317
27409
35099
8329
19843
51437
12899
59627
8353
27427
12907
8363
19853
43319
8369
12911
35107
8377
27431
19861
59629
12917
8387
75853
51439
8389
12919
27437
19867
8419
83903
43321
12923
35111
67547
8423
59651
12941
8429
19889
27449
8431
12953
51449
8443
19891
12959
35117
43331
8447
59659
27457
8461
12967
75869
19913
8467
12973
27479
8501
19919
59663
12979
8513
83911
35129
67559
51461
43391
8521
27481
12983
8527
19927
13001
8537
27487
59669
8539
19937
13003
35141
8543
75883
43397
13007
8563
51473
27509
19949
8573
13009
59671
8581
27527
19961
13033
8597
67567
83921
35149
8599
43399
13037
8609
19963
27529
59693
51479
13043
8623
8627
19973
13049
75913
27539
8629
35153
13063
43403
8641
19979
59699
8647
13093
27541
8663
51481
19991
67577
13099
8669
83933
35159
27551
8677
13103
59707
43411
19993
8681
13109
8689
27581
8693
19997
75931
13121
51487
8699
59723
35171
13127
8707
27583
20011
43427
8713
13147
8719
67579
20021
27611
13151
8731
59729
83939
35201
8737
13159
51503
20023
8741
43441
27617
13163
8747
75937
8753
20029
59743
13171
27631
8761
35221
13177
8779
20047
43451
51511
8783
13183
27647
59747
8803
67589
20051
13187
8807
83969
35227
27653
8819
13217
20063
8821
43457
13219
75941
59753
8831
27673
51517
20071
13229
8837
8839
35251
13241
27689
8849
20089
59771
8861
43481
13249
67601
8863
20101
27691
13259
51521
8867
83983
35257
8887
59779
13267
20107
27697
75967
8893
13291
43487
8923
20113
8929
13297
27701
59791
8933
35267
51539
13309
20117
8941
67607
27733
13313
8951
43499
20123
8963
13327
59797
83987
8969
27737
35279
13331
75979
20129
8971
51551
8999
13337
27739
43517
9001
20143
59809
13339
9007
35281
27743
9011
13367
20147
67619
9013
13381
51563
9029
59833
20149
27749
43541
9041
13397
84011
75983
9043
35291
20161
13399
27751
9049
59863
13411
9059
20173
9067
43543
27763
51577
13417
9091
35311
20177
13421
9103
67631
59879
27767
9109
13441
20183
9127
43573
13451
75989
9133
27773
84017
35317
51581
20201
9137
13457
59887
9151
27779
13463
9157
20219
13469
9161
43577
35323
27791
59921
9173
20231
13477
51593
9181
67651
13487
9187
27793
20233
75991
9199
13499
43579
35327
59929
84047
9203
20249
27799
13513
9209
9221
13523
51599
20261
9227
27803
59951
13537
35339
9239
43591
20269
9241
13553
27809
67679
75997
13567
20287
59957
51607
35353
27817
13577
84053
43597
20297
13591
27823
13597
59971
20323
35363
13613
27827
51613
43607
20327
13619
76001
67699
59981
27847
13627
20333
35381
13633
84059
43609
27851
20341
13649
51631
59999
13669
20347
27883
13679
35393
20353
43613
76003
67709
13681
60013
27893
51637
13687
20357
27901
91957
13691
84061
35401
20359
60017
43627
13693
27917
20369
13697
51647
13709
27919
35407
60029
76031
20389
67723
43633
13711
27941
20393
13721
60037
51659
13723
84067
35419
20399
27943
91961
13729
43649
20407
13751
27947
60041
76039
67733
13757
20411
35423
51673
27953
13759
43651
60077
20431
13763
27961
84089
13781
20441
35437
13789
91967
27967
43661
51679
60083
20443
13799
76079
67741
27983
13807
20477
35447
60089
13829
43669
27997
20479
51683
13831
84121
13841
20483
28001
35449
60091
13859
43691
76081
20507
91969
28019
67751
13873
51691
60101
13877
20509
35461
28027
13879
43711
20521
13883
28031
60103
84127
51713
20533
13901
35491
76091
13903
28051
43717
20543
67757
60107
13907
91997
20549
13913
28057
35507
51719
13921
43721
20551
60127
13931
28069
84131
20563
13933
76099
35509
60133
13963
67759
28081
51721
20593
43753
13967
92003
20599
35521
28087
13997
60139
13999
20611
43759
51749
28097
14009
76103
84137
20627
35527
60149
14011
67763
28099
14029
20639
43777
14033
51767
60161
20641
92009
35531
28109
14051
14057
20663
43781
76123
28111
60167
14071
84143
20681
35533
51769
14081
67777
28123
14083
20693
60169
43783
14087
20707
35537
28151
14107
92033
51787
60209
20717
76129
14143
43787
28163
84163
14149
20719
35543
67783
14153
60217
28181
20731
51797
14159
43789
14173
35569
20743
28183
60223
14177
76147
92041
20747
14197
43793
51803
28201
84179
14207
67789
20749
60251
35573
14221
28211
20753
14243
43801
60257
14249
20759
51817
35591
28219
76157
14251
20771
92051
14281
60259
84181
28229
67801
43853
20773
14293
35593
51827
14303
20789
28277
60271
14321
43867
76159
20807
35597
14323
28279
60289
14327
51829
20809
92077
67807
84191
14341
28283
43889
20849
35603
14347
60293
28289
14369
20857
51839
76163
14387
43891
20873
35617
28297
14389
60317
20879
14401
67819
84199
28307
92083
51853
14407
43913
20887
60331
35671
14411
28309
20897
14419
76207
14423
60337
20899
43933
51859
28319
35677
14431
67829
20903
14437
84211
60343
28349
14447
92107
20921
43943
35729
14449
51869
76213
28351
20929
60353
14461
14479
20939
67843
43951
28387
35731
14489
60373
51871
20947
84221
14503
28393
14519
20959
92111
76231
43961
35747
60383
14533
20963
28403
51893
14537
67853
20981
14543
60397
43963
28409
35753
14549
84223
20983
14551
28411
51899
76243
60413
21001
14557
43969
92119
35759
14561
21011
28429
67867
14563
60427
21013
51907
14591
28433
43973
35771
84229
14593
21017
60443
76249
14621
28439
21019
14627
35797
43987
51913
92143
21023
60449
14629
28447
67883
14633
21031
35801
28463
14639
43991
60457
84239
76253
21059
51929
14653
28477
14657
21061
35803
60493
14669
43997
21067
92153
28493
14683
67891
51941
14699
21089
35809
60497
28499
76259
84247
44017
14713
21101
14717
28513
60509
51949
35831
21107
14723
44021
14731
21121
28517
92173
67901
60521
14737
35837
21139
76261
14741
51971
28537
84263
44027
14747
21143
60527
14753
35839
28541
21149
14759
51973
44029
60539
21157
14767
28547
67927
35851
92177
14771
76283
21163
28549
14779
84299
60589
44041
21169
14783
51977
35863
28559
14797
21179
60601
14813
44053
21187
28571
14821
67931
76289
35869
51991
92179
60607
14827
21191
84307
28573
14831
44059
21193
14843
35879
60611
28579
21211
52009
14851
67933
14867
76303
44071
21221
28591
60617
14869
35897
21227
92189
14879
84313
28597
52021
14887
60623
21247
44087
35899
14891
28603
21269
14897
76333
67939
60631
52027
44089
21277
14923
28607
35911
14929
84317
21283
60637
92203
28619
14939
52051
44101
21313
35923
14947
28621
60647
76343
14951
67943
21317
14957
28627
21319
44111
35933
14969
52057
60649
84319
14983
21323
28631
92219
15013
21341
60659
44119
35951
76367
15017
67957
28643
52067
21347
15031
60661
15053
28649
21377
44123
35963
15061
84347
21379
52069
15073
28657
60679
92221
76369
15077
21383
44129
67961
35969
28661
15083
21391
60689
15091
52081
28663
21397
35977
44131
15101
84349
60703
15107
21401
28669
76379
15121
92227
67967
52103
21407
35983
44159
15131
60719
28687
15137
21419
15139
28697
21433
60727
44171
35993
52121
15149
84377
76387
21467
15161
28703
67979
60733
15173
92233
21481
44179
35999
15187
28711
52127
21487
15193
60737
28723
15199
21491
36007
44189
84389
76403
15217
67987
21493
60757
52147
28729
15227
21499
92237
15233
36011
44201
28751
60761
15241
21503
52153
15259
28753
76421
21517
84391
36013
44203
15263
60763
67993
15269
21521
28759
15271
52163
60773
36017
21523
44207
92243
15277
28771
21529
15287
76423
60779
28789
15289
84401
36037
21557
52177
44221
68023
15299
21559
28793
15307
60793
15313
36061
21563
44249
92251
28807
52181
15319
60811
76441
21569
15329
28813
84407
36067
68041
21577
15331
44257
60821
15349
52183
21587
28817
15359
36073
21589
15361
60859
44263
28837
76463
92269
15373
21599
52189
84421
15377
68053
28843
36083
60869
21601
15383
44267
21611
28859
15391
52201
60887
15401
36097
21613
76471
28867
44269
15413
92297
21617
60889
68059
15427
84431
36107
28871
52223
15439
21647
44273
15443
60899
21649
28879
15451
76481
36109
21661
15461
52237
28901
60901
44279
15467
68071
92311
21673
84437
15473
36131
28909
21683
60913
15493
44281
52249
76487
15497
21701
28921
36137
15511
60917
21713
28927
15527
68087
44293
52253
84443
21727
92317
15541
60919
36151
28933
15551
21737
76493
44351
15559
21739
28949
60923
52259
15569
36161
21751
15581
68099
28961
44357
60937
15583
84449
21757
92333
36187
15601
52267
28979
76507
21767
15607
60943
44371
15619
21773
29009
36191
15629
68111
60953
21787
52289
29017
15641
44381
84457
21799
15643
36209
76511
92347
60961
29021
15647
21803
52291
15649
44383
21817
29023
36217
15661
61001
68113
15667
21821
29027
84463
44389
15671
52301
76519
61007
21839
36229
15679
92353
29033
21841
15683
61027
44417
15727
29059
68141
21851
36241
52313
15731
21859
84467
61031
29063
76537
15733
44449
36251
21863
15737
52321
29077
92357
15739
61043
21871
15749
44453
68147
36263
29101
21881
15761
61051
76541
52361
84481
15767
21893
29123
15773
44483
36269
61057
21911
15787
29129
92363
15791
52363
21929
68161
36277
44491
61091
15797
29131
21937
76543
15803
84499
21943
29137
15809
61099
52369
36293
44497
15817
21961
29147
15823
92369
68171
61121
21977
15859
36299
76561
44501
52379
29153
21991
15877
84503
61129
15881
29167
21997
36307
15887
44507
52387
22003
61141
15889
29173
68207
92377
15901
76579
22013
36313
44519
29179
15907
61151
84509
22027
52391
15913
29191
36319
22031
15919
61153
44531
15923
22037
29201
68209
76597
15937
52433
36341
92381
22039
61169
15959
44533
29207
84521
22051
15971
36343
61211
15973
29209
22063
52453
44537
15991
76603
22067
68213
29221
16001
61223
36353
92383
16007
22073
52457
29231
44543
84523
16033
61231
22079
36373
16057
29243
22091
16061
76607
44549
61253
52489
16063
68219
36383
22093
29251
16067
92387
22109
61261
29269
16069
84533
44563
36389
22111
16073
52501
29287
76631
16087
61283
22123
44579
16091
36433
68227
29297
22129
16097
52511
61291
22133
16103
92399
84551
29303
44587
36451
16111
22147
61297
76649
16127
29311
52517
22153
16139
36457
44617
68239
61331
29327
16141
22157
16183
84559
22159
52529
36467
92401
29333
61333
44621
16187
76651
22171
16189
29339
16193
22189
36469
61339
68261
44623
52541
16217
29347
22193
16223
84589
61343
36473
22229
76667
16229
29363
92413
44633
52543
16231
22247
61357
29383
16249
36479
22259
68279
16253
44641
29387
61363
22271
52553
16267
84629
36493
76673
16273
22273
29389
92419
44647
61379
16301
22277
36497
16319
52561
29399
68281
22279
16333
61381
44651
29401
16339
76679
36523
22283
84631
16349
52567
61403
29411
22291
44657
16361
92431
36527
16363
22303
29423
61409
16369
68311
52571
22307
44683
76697
16381
29429
36529
84649
61417
22343
16411
29437
16417
22349
44687
52579
92459
36541
61441
16421
22367
29443
68329
16427
76717
22369
44699
61463
36551
16433
84653
29453
52583
22381
16447
16451
61469
29473
22391
44701
92461
36559
16453
68351
52609
22397
29483
76733
16477
61471
22409
16481
44711
84659
36563
29501
16487
61483
22433
52627
16493
29527
22441
44729
68371
16519
92467
36571
76753
61487
29531
22447
16529
52631
84673
16547
44741
22453
61493
29537
36583
16553
22469
16561
68389
29567
52639
61507
76757
44753
22481
16567
92479
36587
16573
29569
22483
61511
84691
16603
44771
52667
22501
29573
36599
16607
61519
68399
22511
16619
76771
29581
16631
44773
22531
36607
52673
92489
16633
61543
29587
22541
84697
16649
44777
22543
36629
16651
29599
61547
68437
52691
76777
16657
22549
29611
16661
44789
61553
36637
22567
16673
92503
29629
84701
52697
22571
16691
61559
44797
16693
36643
76781
29633
22573
68443
16699
61561
22613
52709
29641
16703
44809
36653
22619
16729
92507
84713
61583
29663
16741
22621
76801
52711
68447
16747
36671
44819
29669
22637
61603
16759
22639
16763
29671
36677
44839
52721
61609
16787
22643
84719
92551
29683
16811
76819
22651
68449
36683
16823
61613
44843
29717
52727
22669
16829
16831
61627
22679
29723
36691
44851
16843
84731
22691
76829
52733
92557
29741
16871
61631
68473
22697
36697
16879
44867
29753
16883
22699
61637
52747
16889
29759
22709
36709
44879
76831
16901
84737
61643
22717
68477
16903
29761
92567
52757
16921
36713
22721
44887
61651
29789
16927
22727
16931
76837
36721
29803
61657
52769
22739
84751
16937
44893
68483
16943
22741
29819
92569
61667
16963
36739
22751
44909
52783
16979
29833
76847
22769
61673
16981
36749
29837
84761
16987
68489
22777
44917
52807
16993
61681
29851
22783
92581
17011
36761
22787
44927
17021
61687
29863
76871
52813
17027
22807
68491
84787
29867
36767
17029
61703
44939
22811
17033
29873
22817
52817
17041
92593
61717
36779
76873
17047
44953
22853
29879
68501
17053
61723
22859
84793
52837
17077
29881
36781
44959
22861
17093
61729
29917
17099
22871
76883
92623
36787
52859
17107
44963
22877
29921
68507
61751
17117
84809
36791
22901
17123
29927
44971
61757
52861
17137
22907
76907
29947
17159
36793
92627
22921
61781
17167
44983
68521
29959
22937
52879
17183
84811
36809
61813
17189
22943
29983
44987
76913
17191
22961
52883
36821
17203
29989
61819
92639
22963
17207
68531
45007
30011
84827
17209
22973
61837
36833
52889
17231
76919
22993
30013
45013
17239
61843
36847
23003
17257
30029
92641
52901
68539
17291
23011
61861
45053
84857
30047
17293
36857
23017
76943
17299
61871
30059
23021
52903
45061
17317
36871
23027
17321
68543
30071
61879
92647
17327
23029
84859
45077
52919
76949
30089
17333
36877
61909
23039
17341
30091
23041
45083
17351
68567
61927
52937
36887
17359
23053
30097
92657
17377
84869
76961
23057
45119
61933
17383
30103
36899
52951
23059
17387
30109
61949
68581
17389
45121
23063
36901
17393
30113
23071
52957
76963
61961
84871
17401
92669
45127
23081
17417
30119
36913
61967
17419
23087
68597
52963
30133
17431
45131
23099
36919
61979
17443
76991
30137
84913
23117
17449
92671
52967
45137
23131
17467
61981
30139
36923
68611
17471
23143
30161
17477
61987
45139
77003
52973
23159
36929
17483
84919
30169
23167
17489
61991
92681
45161
17491
68633
23173
30181
52981
36931
17497
62003
23189
77017
30187
45179
36943
23197
84947
52999
62011
30197
23201
92683
68639
45181
36947
30203
23203
62017
77023
53003
23209
30211
45191
62039
36973
84961
23227
30223
53017
68659
92693
23251
62047
45197
36979
77029
30241
23269
62053
30253
23279
53047
45233
84967
36997
23291
30259
62057
68669
92699
77041
23293
45247
37003
53051
30269
62071
23297
30271
84977
23311
45259
37013
62081
53069
68683
23321
30293
77047
92707
45263
23327
37019
62099
30307
53077
23333
84979
30313
62119
45281
37021
23339
68687
77069
23357
30319
53087
62129
92717
45289
37039
23369
30323
62131
23371
84991
53089
30341
68699
45293
77081
37049
23399
62137
30347
23417
92723
53093
45307
37057
62141
23431
30367
85009
68711
23447
77093
30389
45317
62143
37061
53101
23459
30391
23473
62171
92737
45319
37087
53113
30403
23497
85021
68713
77101
62189
23509
30427
45329
37097
53117
23531
62191
30431
23537
45337
92753
68729
77137
37117
85027
30449
62201
23539
53129
23549
45341
30467
62207
37123
23557
30469
53147
68737
77141
62213
45343
23561
92761
85037
37139
30491
23563
62219
53149
45361
30493
23567
37159
23581
62233
77153
30497
68743
85049
45377
53161
92767
23593
37171
30509
62273
23599
45389
30517
37181
23603
53171
62297
77167
68749
23609
30529
85061
45403
92779
62299
37189
23623
30539
53173
23627
62303
45413
30553
77171
68767
37199
23629
53189
85081
30557
62311
23633
45427
92789
37201
23663
30559
62323
53197
77191
68771
23669
45433
30577
37217
23671
62327
85087
30593
53201
23677
45439
92791
62347
37223
23687
30631
77201
68777
23689
45481
53231
62351
30637
37243
85091
23719
30643
62383
45491
23741
92801
77213
53233
37253
68791
30649
23743
62401
45497
23747
30661
85093
37273
53239
62417
23753
30671
77237
45503
23761
92809
37277
68813
62423
30677
53267
23767
45523
85103
30689
23773
62459
37307
77239
53269
23789
30697
68819
45533
62467
92821
23801
37309
30703
23813
53279
62473
85109
45541
30707
77243
23819
37313
68821
62477
30713
23827
45553
53281
92831
37321
23831
30727
62483
85121
23833
45557
77249
30757
53299
37337
62497
68863
23857
30763
23869
45569
62501
92849
37339
53309
23873
30773
85133
77261
45587
23879
62507
30781
68879
37357
23887
53323
62533
30803
45589
23893
37361
92857
77263
85147
30809
23899
62539
53327
45599
68881
23909
37363
30817
62549
23911
53353
30829
45613
77267
23917
37369
92861
85159
62563
30839
23929
68891
45631
53359
62581
37379
23957
30841
23971
77269
30851
45641
62591
85193
53377
37397
92863
23977
68897
30853
62597
23981
45659
37409
30859
23993
53381
77279
62603
24001
30869
45667
85199
37423
92867
68899
24007
62617
53401
30871
24019
45673
37441
77291
62627
30881
24023
53407
85201
45677
30893
24029
37447
62633
68903
92893
24043
30911
53411
77317
62639
37463
45691
24049
30931
24061
62653
85213
37483
45697
30937
53419
68909
24071
92899
62659
77323
24077
30941
37489
45707
24083
53437
30949
62683
85223
24091
68917
37493
45737
30971
62687
24097
77339
92921
53441
30977
24103
37501
45751
62701
24107
30983
85229
53453
68927
24109
37507
62723
45757
77347
31013
92927
24113
62731
53479
31019
24121
45763
37511
68947
85237
24133
31033
62743
77351
53503
45767
24137
37517
31039
92941
62753
24151
31051
68963
45779
53507
24169
85243
37529
62761
77359
31063
24179
45817
62773
37537
24181
31069
53527
92951
24197
68993
62791
31079
85247
45821
37547
77369
24203
53549
31081
62801
24223
45823
37549
31091
24229
92957
69001
62819
53551
85259
24239
77377
31121
45827
37561
24247
62827
31123
53569
24251
45833
69011
37567
62851
31139
92959
24281
77383
85297
53591
45841
31147
24317
62861
37571
24329
31151
62869
69019
45853
53593
24337
37573
77417
31153
92987
85303
24359
62873
45863
31159
24371
53597
37579
62897
69029
31177
24373
45869
77419
37589
24379
62903
53609
31181
85313
92993
24391
45887
31183
62921
37591
24407
69031
53611
77431
31189
24413
45893
62927
37607
85331
24419
31193
93001
53617
62929
24421
45943
31219
37619
69061
77447
24439
62939
31223
53623
45949
24443
85333
37633
31231
62969
93047
24469
45953
69067
53629
24473
77471
37643
31237
62971
24481
31247
45959
85361
37649
62981
24499
53633
31249
93053
24509
77477
69073
62983
45971
37657
31253
24517
53639
62987
85363
24527
31259
45979
37663
24533
77479
69109
53653
31267
62989
93059
24547
45989
37691
31271
24551
63029
85369
53657
31277
24571
46021
77489
69119
37693
63031
24593
31307
93077
53681
46027
24611
63059
37699
31319
85381
24623
77491
63067
31321
69127
46049
53693
24631
37717
31327
24659
93083
63073
46051
37747
53699
24671
85411
31333
77509
63079
24677
69143
46061
31337
37781
24683
53717
63097
31357
93089
24691
46073
37783
85427
77513
63103
31379
24697
53719
69149
24709
46091
37799
31387
63113
53731
93097
31391
24733
77521
85429
63127
46093
37811
24749
31393
69151
53759
63131
24763
37813
46099
31397
24767
77527
63149
93103
85439
31469
24781
46103
53773
37831
69163
24793
31477
63179
46133
24799
37847
53777
31481
77543
63197
24809
85447
93113
69191
31489
46141
24821
37853
63199
53783
31511
24841
46147
77549
63211
24847
37861
31513
69193
53791
85451
93131
24851
63241
31517
46153
37871
24859
53813
31531
77551
63247
24877
46171
69197
37879
85453
31541
24889
63277
93133
53819
24907
46181
31543
37889
77557
63281
24917
69203
31547
53831
46183
85469
24919
31567
63299
37897
24923
93139
46187
31573
53849
63311
24943
77563
69221
37907
31583
24953
46199
85487
63313
53857
24967
31601
37951
93151
63317
24971
46219
77569
31607
69233
53861
24977
37957
63331
85513
31627
46229
24979
37963
31643
63337
24989
53881
77573
93169
69239
46237
25013
31649
63347
37967
85517
25031
53887
31657
46261
63353
25033
77587
37987
31663
69247
25037
93179
53891
46271
63361
31667
25057
85523
37991
63367
25073
31687
46273
77591
53897
69257
25087
37993
63377
31699
93187
46279
25097
53899
85531
31721
63389
25111
37997
77611
46301
69259
31723
25117
63391
53917
25121
38011
31727
93199
46307
63397
85549
25127
31729
77617
53923
38039
25147
69263
63409
46309
31741
25153
38047
53927
63419
31751
93229
25163
46327
85571
77621
25169
31769
69313
63421
38053
53939
25171
46337
31771
63439
25183
38069
93239
85577
77641
31793
46349
25189
53951
63443
69317
31799
38083
25219
46351
63463
25229
53959
31817
77647
38113
85597
25237
93241
63467
31847
46381
69337
25243
53987
38119
31849
63473
25247
46399
77659
31859
25253
63487
85601
53993
38149
93251
69341
25261
46411
31873
63493
25301
38153
54001
31883
77681
25303
46439
63499
85607
31891
25307
69371
38167
93253
54011
63521
46441
25309
31907
77687
38177
25321
63527
31957
46447
54013
25339
85619
69379
31963
63533
38183
25343
93257
46451
54037
31973
25349
77689
63541
38189
25357
31981
69383
46457
85621
63559
54049
25367
31991
38197
93263
25373
77699
46471
63577
32003
25391
54059
69389
38201
85627
32009
46477
25409
63587
25411
77711
32027
54083
93281
38219
46489
63589
25423
69401
32029
85639
25439
54091
46499
38231
32051
63599
25447
77713
93283
32057
25453
69403
54101
46507
63601
38237
25457
32059
85643
63607
25463
46511
77719
32063
38239
54121
25469
69427
93287
63611
32069
25471
46523
38261
54133
85661
32077
25523
63617
77723
46549
38273
25537
32083
69431
54139
63629
93307
25541
32089
46559
38281
85667
25561
63647
77731
32099
54151
25577
46567
38287
69439
63649
32117
25579
93319
54163
25583
32119
85669
63659
77743
46573
38299
25589
32141
69457
63667
54167
25601
46589
38303
32143
25603
93323
77747
63671
85691
32159
46591
38317
54181
25609
69463
63689
25621
32173
46601
38321
54193
25633
77761
32183
63691
93329
85703
25639
38327
46619
32189
69467
63697
25643
54217
32191
25657
38329
46633
77773
63703
85711
32203
25667
93337
54251
38333
63709
46639
69473
25673
32213
25679
77783
54269
63719
32233
38351
46643
25693
85717
32237
93371
25703
69481
63727
54277
38371
46649
32251
25717
77797
63737
25733
38377
32257
46663
54287
85733
25741
69491
93377
32261
63743
38393
25747
46679
77801
54293
32297
63761
38431
85751
46681
32299
69493
54311
93383
63773
32303
77813
38447
46687
32309
63781
54319
38449
85781
46691
38453
32321
69497
63793
77839
93407
38459
54323
32323
46703
38461
63799
32327
38501
85793
69499
54331
63803
46723
38543
77849
32341
93419
38557
63809
32353
46727
54347
38561
69539
85817
38567
63823
32359
77863
46747
38569
54361
32363
63839
93427
38593
69557
32369
46751
38603
63841
85819
54367
77867
38609
32371
46757
63853
38611
32377
69593
54371
93463
38629
63857
46769
38639
32381
85829
77893
38651
54377
63863
32401
69623
46771
38653
32411
93479
38669
63901
54401
77899
85831
46807
38671
32413
63907
69653
38677
32423
54403
46811
38693
63913
93481
38699
32429
77929
85837
69661
63929
46817
38707
54409
32441
38711
63949
32443
46819
38713
77933
54413
69677
93487
38723
85843
32467
63977
46829
38729
32479
54419
63997
38737
69691
77951
46831
38747
32491
64007
85847
93491
38749
54421
32497
46853
38767
64013
69697
32503
38783
77969
54437
64019
46861
38791
32507
85853
93493
38803
64033
32531
69709
54443
46867
38821
77977
32533
38833
64037
46877
38839
54449
85889
32537
69737
64063
93497
38851
32561
77983
46889
38861
64067
54469
38867
32563
69739
85903
46901
38873
64081
32569
54493
93503
38891
77999
64091
32573
46919
38903
69761
38917
54497
32579
64109
85909
38921
46933
78007
32587
93523
64123
38923
54499
69763
38933
46957
32603
64151
38953
85931
32609
54503
78017
38959
46993
64153
93529
69767
32611
38971
64157
54517
38977
46997
32621
85933
38993
69779
78031
64171
32633
39019
47017
54521
93553
32647
64187
39023
69809
39041
47041
85991
32653
54539
64189
78041
39043
32687
39047
47051
64217
93557
69821
54541
39079
32693
64223
85999
39089
78049
47057
32707
39097
54547
69827
64231
32713
39103
47059
93559
39107
64237
32717
78059
54559
86011
39113
47087
69829
32719
64271
39119
54563
39133
47093
32749
93563
64279
78079
39139
86017
69833
32771
39157
54577
64283
47111
32779
39161
64301
39163
47119
78101
93581
32783
54581
69847
86027
39181
64303
32789
39191
47123
54583
39199
64319
32797
69857
78121
39209
47129
93601
86029
32801
64327
54601
39217
32803
39227
47137
64333
69859
78137
39229
54617
32831
64373
39233
47143
86069
93607
32833
39239
69877
64381
54623
39241
47147
78139
32839
39251
64399
32843
86077
54629
39293
47149
93629
69899
64403
32869
39301
78157
39313
47161
54631
32887
64433
39317
69911
86083
32909
39323
64439
47189
93637
54647
78163
39341
32911
64451
39343
47207
69929
32917
54667
86111
39359
64453
39367
47221
32933
78167
93683
64483
39371
54673
69931
32939
39373
47237
86113
64489
32941
39383
54679
78173
39397
47251
93701
69941
64499
32957
39409
54709
32969
64513
39419
47269
86117
78179
32971
39439
69959
64553
54713
93703
47279
39443
32983
39451
64567
86131
32987
47287
78191
39461
69991
54721
64577
39499
32993
93719
47293
39503
64579
54727
32999
69997
39509
86137
78193
47297
64591
33013
39511
54751
39521
33023
64601
93739
47303
70001
39541
78203
33029
86143
54767
39551
64609
47309
39563
33037
64613
70003
39569
54773
93761
33049
47317
78229
39581
86161
64621
33053
39607
54779
70009
47339
39619
64627
33071
39623
78233
93763
64633
47351
33073
54787
86171
39631
70019
39659
33083
64661
47353
39667
54799
78241
33091
64663
39671
93787
86179
70039
47363
33107
39679
54829
64667
39703
33113
47381
78259
39709
64679
70051
54833
33119
39719
86183
93809
47387
64693
39727
33149
54851
78277
39733
70061
64709
33151
47389
39749
86197
64717
33161
39761
93811
54869
70067
47407
39769
78283
33179
64747
39779
54877
47417
33181
70079
39791
86201
64763
93827
39799
33191
47419
78301
54881
64781
39821
33199
70099
39827
47431
64783
86209
33203
39829
54907
78307
93851
39839
64793
33211
47441
70111
39841
54917
33223
64811
39847
86239
47459
39857
78311
33247
64817
54919
93871
70117
39863
47491
33287
39869
64849
54941
86243
39877
33289
78317
47497
70121
64853
39883
33301
93887
39887
54949
47501
64871
33311
39901
86249
70123
78341
64877
39929
47507
54959
33317
39937
93889
64879
33329
39953
47513
70139
54973
78347
86257
39971
33331
64891
39979
47521
33343
64901
54979
39983
93893
70141
33347
39989
78367
47527
86263
64919
40009
54983
33349
40013
47533
64921
70157
33353
40031
93901
55001
78401
64927
86269
47543
33359
40037
40039
70163
64937
33377
55009
47563
40063
78427
33391
64951
93911
40087
86287
55021
47569
70177
40093
33403
64969
40099
33409
47581
78437
40111
55049
64997
93913
70181
33413
86291
40123
65003
47591
40127
55051
33427
40129
78439
65011
70183
47599
33457
40151
86293
55057
93923
65027
40153
33461
47609
40163
78467
33469
65029
70199
55061
40169
47623
33479
86297
40177
65033
93937
40189
55073
33487
70201
47629
78479
65053
40193
33493
40213
55079
65063
86311
47639
40231
33503
93941
70207
78487
65071
40237
33521
47653
55103
40241
65089
33529
40253
86323
70223
47657
55109
93949
40277
78497
65099
33533
40283
47659
33547
65101
40289
55117
70229
86341
40343
33563
47681
78509
65111
93967
40351
55127
33569
70237
65119
40357
47699
33577
40361
86351
55147
65123
78511
40387
33581
47701
93971
70241
40423
65129
33587
55163
40427
47711
86353
65141
78517
33589
40429
70249
55171
40433
47713
33599
65147
93979
40459
33601
65167
47717
86357
40471
78539
55201
70271
40483
33613
65171
47737
40487
93983
33617
55207
40493
65173
78541
70289
86369
33619
47741
40499
65179
55213
40507
33623
47743
40519
93997
70297
65183
78553
33629
86371
40529
55217
47777
65203
40531
33637
40543
70309
55219
33641
65213
47779
78569
94007
40559
86381
33647
40577
65239
55229
47791
40583
70313
33679
65257
78571
40591
94009
47797
33703
55243
86389
40597
65267
70321
33713
40609
47807
55249
65269
40627
78577
33721
40637
94033
47809
86399
65287
70327
33739
40639
55259
40693
33749
65293
78583
47819
40697
55291
33751
70351
65309
86413
40699
94049
47837
33757
40709
65323
78593
55313
40739
47843
33767
70373
65327
40751
86423
33769
55331
94057
40759
47857
65353
78607
33773
40763
70379
55333
40771
47869
65357
33791
86441
40787
94063
65371
33797
78623
40801
70381
47881
55337
40813
33809
65381
40819
47903
86453
55339
33811
70393
65393
40823
78643
94079
33827
47911
40829
65407
55343
40841
33829
70423
47917
86461
40847
65413
78649
33851
55351
40849
94099
65419
47933
40853
33857
70429
40867
55373
65423
86467
33863
78653
47939
40879
33871
65437
40883
94109
55381
70439
47947
40897
33889
65447
78691
86477
40903
55399
47951
33893
40927
65449
70451
94111
40933
33911
47963
65479
55411
78697
40939
86491
33923
40949
70457
65497
47969
33931
40961
55439
94117
65519
40973
78707
33937
47977
86501
70459
40993
55441
65521
33941
41011
47981
33961
41017
65537
78713
94121
55457
70481
41023
86509
48017
33967
65539
41039
55469
33997
41047
48023
65543
78721
70487
41051
94151
86531
65551
41057
55487
48029
41077
70489
65557
78737
41081
48049
55501
94153
65563
41113
86533
48073
41117
70501
55511
65579
78779
41131
48079
41141
65581
86539
94169
55529
41143
70507
65587
48091
41149
78781
55541
41161
65599
48109
70529
41177
86561
94201
65609
41179
55547
78787
48119
41183
65617
70537
41189
55579
86573
48121
41201
65629
94207
78791
41203
55589
48131
65633
70549
41213
41221
86579
65647
48157
78797
55603
41227
94219
70571
65651
41231
48163
41233
55609
65657
86587
78803
41243
70573
48179
94229
65677
41257
55619
41263
48187
65687
86599
41269
78809
70583
55621
41281
65699
48193
94253
41299
55631
65701
70589
41333
48197
78823
86627
41341
65707
55633
41351
48221
94261
65713
70607
41357
78839
86629
41381
55639
48239
65717
41387
70619
65719
41389
94273
48247
55661
78853
41399
86677
65729
48259
41411
70621
55663
41413
65731
78857
94291
48271
41443
86689
55667
65761
41453
70627
48281
41467
65777
55673
78877
41479
94307
48299
65789
86693
41491
70639
41507
55681
65809
48311
41513
78887
70657
65827
41519
94309
55691
86711
48313
41521
65831
41539
78889
48337
55697
70663
41543
65837
86719
94321
41549
48341
65839
55711
41579
78893
70667
41593
65843
48353
55717
41597
86729
94327
65851
41603
48371
70687
78901
41609
55721
65867
41611
48383
86743
41617
65881
70709
94331
55733
78919
41621
48397
65899
41627
55763
41641
48407
70717
65921
86753
78929
41647
94343
65927
55787
48409
41651
70729
41659
65929
86767
48413
41669
55793
78941
94349
65951
41681
70753
48437
41687
55799
65957
41719
86771
78977
48449
41729
65963
55807
94351
70769
41737
65981
48463
41759
78979
86783
55813
41761
65983
70783
48473
41771
94379
65993
55817
41777
48479
78989
86813
41801
70793
66029
55819
41809
48481
66037
94397
41813
79031
70823
41843
55823
48487
86837
66041
41849
41851
66047
48491
55829
94399
70841
79039
41863
66067
86843
41879
48497
55837
41887
66071
70843
79043
41893
48523
94421
66083
55843
41897
86851
48527
41903
66089
70849
55849
41911
79063
48533
66103
41927
94427
86857
41941
70853
55871
66107
48539
41947
79087
41953
66109
55889
48541
94433
70867
86861
41957
66137
41959
79103
55897
48563
41969
66161
70877
41981
86869
94439
48571
55901
66169
41983
79111
41999
66173
48589
70879
55903
42013
86923
66179
42017
94441
48593
79133
42019
55921
70891
66191
42023
48611
42043
66221
86927
55927
94447
79139
42061
70901
48619
66239
42071
55931
42073
48623
66271
86929
70913
42083
79147
94463
55933
66293
48647
42089
42101
66301
70919
55949
48649
42131
86939
79151
66337
42139
94477
48661
42157
55967
70921
66343
42169
79153
86951
48673
42179
66347
55987
94483
42181
70937
48677
66359
42187
79159
55997
86959
42193
66361
48679
70949
42197
94513
56003
66373
42209
48731
79181
42221
86969
66377
70951
56009
42223
48733
66383
42227
94529
79187
56039
42239
48751
66403
70957
86981
66413
48757
56041
79193
94531
70969
66431
86993
48761
56053
66449
79201
48767
70979
94541
56081
66457
87011
48779
66463
70981
56087
79229
48781
66467
94543
87013
56093
66491
70991
48787
79231
66499
56099
48799
94547
87037
66509
70997
79241
56101
48809
66523
70999
66529
48817
56113
94559
87041
79259
66533
48821
56123
71011
66541
87049
94561
48823
79273
66553
56131
71023
66569
48847
56149
87071
66571
79279
94573
48857
71039
66587
56167
48859
66593
87083
79283
71059
56171
94583
66601
48869
66617
56179
48871
79301
71069
87103
66629
94597
48883
56197
66643
71081
79309
87107
48889
66653
56207
94603
66683
48907
71089
79319
56209
66697
87119
48947
66701
56237
94613
71119
79333
48953
66713
87121
56239
66721
48973
71129
79337
94621
56249
66733
48989
87133
66739
71143
56263
48991
79349
66749
94649
49003
56267
87149
71147
66751
79357
66763
49009
56269
94651
71153
66791
87151
49019
56299
66797
79367
71161
49031
66809
94687
56311
87179
66821
49033
79379
71167
56333
66841
49037
94693
87181
66851
79393
56359
71171
49043
66853
56369
49057
66863
87187
94709
71191
79397
66877
49069
56377
66883
71209
87211
79399
49081
94723
56383
66889
49103
66919
71233
56393
79411
87221
66923
49109
94727
56401
66931
71237
49117
79423
66943
87223
56417
94747
49121
66947
71249
56431
79427
66949
49123
87251
71257
66959
94771
56437
49139
79433
66973
49157
87253
56443
71261
66977
94777
49169
79451
56453
71263
87257
49171
56467
94781
49177
71287
56473
87277
49193
71293
94789
56477
49199
79481
87281
56479
71317
79493
49201
94793
79531
56489
49207
87293
71327
79537
49211
56501
94811
79549
71329
87299
49223
56503
79559
49253
71333
56509
94819
79561
87313
49261
79579
56519
71339
49277
94823
79589
87317
56527
49279
71341
79601
56531
49297
79609
87323
94837
71347
56533
49307
79613
87337
49331
56543
79621
71353
94841
79627
49333
56569
71359
87359
79631
49339
94847
56591
79633
49363
71363
56597
87383
79657
94849
49367
56599
71387
79669
49369
87403
56611
79687
94873
49391
71389
79691
56629
87407
49393
71399
94889
79693
56633
49409
79697
87421
71411
49411
56659
94903
79699
49417
56663
71413
87427
79757
49429
56671
94907
79769
71419
49433
87433
56681
79777
49451
71429
94933
79801
56687
49459
87443
79811
71437
56701
49463
94949
79813
87473
49477
56711
71443
79817
49481
56713
94951
79823
71453
87481
49499
56731
79829
49523
71471
94961
79841
87491
56737
49529
79843
71473
56747
49531
94993
87509
79847
56767
71479
49537
79861
56773
87511
79867
94999
49547
71483
79873
49549
56779
87517
79889
71503
95003
49559
56783
79901
49597
71527
56807
87523
79903
95009
49603
56809
79907
71537
49613
87539
79939
56813
95021
49627
71549
79943
56821
49633
87541
79967
71551
95027
56827
49639
79973
87547
56843
49663
71563
79979
95063
79987
49667
56857
71569
87553
79997
49669
56873
95071
79999
71593
49681
87557
56891
80021
49697
95083
71597
56893
80039
49711
87559
80051
56897
71633
49727
95087
80071
56909
87583
49739
71647
80077
56911
49741
95089
80107
87587
71663
49747
56921
80111
49757
95093
56923
71671
80141
87589
49783
80147
56929
71693
95101
49787
80149
87613
56941
80153
49789
71699
56951
95107
80167
87623
49801
71707
56957
80173
49807
87629
80177
95111
56963
49811
71711
80191
56983
49823
87631
71713
80207
95131
49831
56989
80209
71719
49843
87641
56993
80221
95143
49853
80231
71741
56999
87643
49871
80233
95153
57037
71761
80239
49877
87649
57041
80251
49891
71777
95177
80263
57047
49919
87671
71789
80273
57059
95189
80279
87679
57073
71807
80287
49921
95191
57077
71809
49927
80309
87683
49937
57089
80317
49939
95203
71821
57097
49943
87691
80329
49957
71837
57107
80341
49991
95213
87697
49993
57119
80347
71843
49999
50021
95219
80363
57131
87701
71849
50023
80369
50033
57139
50047
95231
71861
87719
80387
57143
50051
80407
50053
71867
57149
95233
50069
87721
80429
50077
57163
71879
50087
80447
87739
95239
50093
57173
80449
50101
71881
50111
57179
80471
87743
95257
50119
71887
57191
80473
50123
50129
87751
80489
71899
57193
95261
50131
50147
80491
57203
71909
50153
87767
80513
95267
50159
57221
50177
71917
80527
87793
50207
57223
80537
95273
50221
71933
57241
50227
80557
87797
50231
71941
57251
95279
80567
50261
50263
87803
57259
80599
71947
50273
95287
50287
57269
80603
50291
87811
71963
80611
57271
50311
95311
50321
71971
80621
57283
87833
50329
80627
50333
57287
71983
95317
50341
80629
87853
50359
57301
71987
50363
80651
95327
50377
57329
87869
80657
50383
71993
57331
50387
80669
95339
50411
87877
71999
57347
80671
50417
50423
57349
80677
72019
95369
87881
50441
50459
80681
57367
72031
50461
87887
80683
95383
50497
57373
72043
80687
57383
87911
95393
80701
72047
57389
80713
87917
57397
95401
72053
80737
57413
80747
87931
72073
95413
80749
57427
72077
80761
87943
57457
95419
80777
72089
57467
80779
87959
57487
95429
72091
80783
87961
57493
80789
72101
95441
80803
57503
87973
72103
80809
57527
95443
80819
72109
87977
57529
80831
57557
95461
72139
80833
87991
57559
80849
72161
95467
80863
88001
57571
72167
80897
57587
95471
88003
80909
72169
57593
80911
95479
57601
88007
80917
72173
57637
80923
72211
88019
95483
80929
57641
72221
80933
57649
88037
95507
80953
57653
72223
80963
88069
95527
57667
72227
80989
57679
81001
88079
95531
72229
81013
57689
88093
81017
72251
57697
95539
81019
57709
72253
88117
81023
95549
57713
81031
72269
88129
57719
81041
95561
72271
81043
57727
88169
81047
72277
57731
95569
81049
88177
57737
72287
81071
95581
57751
81077
88211
72307
57773
81083
95597
72313
88223
81097
57781
81101
72337
57787
95603
88237
81119
57791
72341
81131
95617
88241
57793
81157
72353
57803
81163
95621
88259
72367
57809
81173
81181
72379
88261
57829
95629
81197
57839
72383
81199
88289
95633
57847
81203
72421
57853
88301
81223
95651
72431
57859
81233
88321
81239
57881
95701
72461
81281
57899
88327
72467
81283
95707
57901
81293
72469
88337
57917
81299
95713
72481
57923
81307
88339
81331
95717
57943
72493
88379
81343
57947
72497
81349
95723
57973
88397
81353
72503
57977
95731
81359
88411
72533
57991
81371
95737
81373
58013
72547
88423
81401
58027
72551
95747
81409
88427
58031
81421
72559
58043
95773
81439
88463
72577
58049
81457
95783
88469
81463
58057
72613
81509
58061
72617
88471
95789
81517
58067
81527
72623
88493
58073
95791
81533
72643
58099
81547
88499
95801
81551
58109
72647
81553
88513
58111
72649
95803
81559
58129
88523
81563
72661
58147
95813
81569
72671
58151
88547
81611
95819
58153
81619
72673
88589
81629
58169
72679
95857
81637
58171
88591
81647
72689
58189
95869
81649
88607
72701
58193
81667
95873
58199
81671
88609
72707
81677
58207
95881
72719
88643
81689
58211
81701
72727
95891
58217
88651
81703
72733
58229
81707
95911
88657
58231
81727
72739
81737
58237
88661
95917
72763
81749
58243
81761
88663
72767
95923
58271
81769
72797
58309
81773
88667
95929
58313
81799
72817
88681
81817
58321
95947
72823
81839
58337
88721
81847
95957
72859
58363
81853
88729
58367
72869
81869
95959
58369
81883
88741
72871
81899
58379
95971
72883
81901
88747
58391
81919
95987
72889
58393
88771
81929
58403
72893
81931
95989
88789
58411
81937
72901
81943
96001
58417
88793
72907
81953
58427
81967
96013
72911
88799
58439
81971
58441
72923
96017
81973
88801
58451
82003
72931
82007
88807
96043
58453
72937
82009
58477
88811
96053
82013
72949
58481
82021
88813
58511
72953
96059
82031
82037
58537
72959
88817
96079
82039
58543
72973
82051
88819
58549
96097
82067
72977
58567
82073
88843
58573
72997
96137
82129
88853
82139
58579
73009
96149
82141
58601
88861
73013
82153
58603
96157
82163
73019
88867
58613
82171
96167
58631
73037
82183
88873
82189
58657
73039
96179
82193
88883
58661
73043
82207
58679
96181
88897
82217
73061
58687
82219
96199
88903
73063
58693
82223
82231
58699
73079
88919
96211
82237
58711
73091
82241
88937
58727
96221
82261
73121
58733
82267
88951
96223
73127
58741
82279
82301
88969
73133
96233
82307
88993
73141
82339
96259
82349
73181
88997
82351
96263
82361
73189
89003
82373
73237
96269
82387
89009
82393
73243
96281
82421
89017
73259
82457
96289
82463
73277
89021
82469
96293
73291
82471
89041
82483
73303
96323
89051
82487
73309
82493
96329
89057
73327
82499
82507
96331
89069
73331
82529
73351
89071
82531
96337
82549
73361
89083
82559
96353
73363
82561
89087
82567
96377
73369
82571
89101
73379
96401
82591
82601
89107
73387
96419
82609
73417
82613
89113
82619
96431
73421
89119
82633
73433
96443
82651
89123
82657
73453
96451
82699
89137
73459
82721
96457
89153
82723
73471
82727
96461
73477
89189
82729
73483
82757
96469
89203
82759
73517
82763
96479
89209
73523
82781
89213
96487
82787
73529
82793
89227
73547
96493
82799
82811
73553
89231
96497
82813
73561
82837
89237
96517
73571
82847
89261
82883
96527
73583
82889
89269
73589
82891
96553
82903
73597
89273
96557
82913
73607
89293
82939
96581
82963
73609
89303
82981
96587
73613
82997
89317
83003
73637
96589
89329
83009
73643
83023
96601
89363
73651
83047
83059
96643
89371
73673
83063
73679
96661
83071
89381
83077
73681
89387
96667
83089
73693
83093
89393
96671
83101
73699
83117
89399
73709
96697
83137
73721
89413
83177
96703
83203
73727
89417
83207
96731
73751
83219
89431
83221
96737
73757
83227
89443
73771
83231
96739
83233
89449
73783
83243
96749
73819
83257
89459
83267
96757
73823
89477
83269
83273
73847
96763
89491
83299
73849
83311
96769
89501
83339
73859
83341
96779
89513
73867
83357
96787
83383
73877
89519
83389
73883
96797
89521
83399
83401
73897
89527
96799
83407
73907
83417
89533
96821
83423
73939
83431
89561
73943
96823
83437
83443
73951
89563
96827
83449
73961
89567
83459
96847
83471
73973
89591
83477
73999
96851
83497
89597
74017
96857
89599
74021
96893
74027
89603
96907
74047
89611
74051
96911
89627
74071
96931
89633
74077
96953
89653
74093
74099
89657
96959
74101
89659
96973
74131
89669
96979
74143
89671
74149
96989
89681
74159
96997
74161
89689
97001
89753
74167
97003
74177
89759
74189
97007
74197
89767
74201
97021
74203
89779
74209
97039
74219
89783
74231
74257
97073
89797
74279
74287
97081
89809
74293
74297
89819
97103
74311
74317
89821
97117
74323
74353
89833
97127
74357
74363
89839
97151
74377
74381
89849
74383
97157
74411
89867
74413
97159
74419
89891
74441
97169
74449
74453
89897
97171
74471
74489
97177
74507
74509
89899
97187
74521
89909
74527
89917
97213
74531
89923
74551
89939
97231
74561
74567
89959
74573
97241
89963
74587
89977
74597
97259
89983
74609
89989
74611
97283
74623
90001
74653
97301
90007
74687
90011
74699
97303
90017
74707
90019
74713
97327
74717
90023
74719
90031
97367
74729
90053
74731
97369
90059
74747
90067
74759
97373
74761
90071
74771
90073
97379
74779
90089
74797
90107
74821
97381
90121
74827
74831
97387
90127
74843
90149
74857
97397
90163
74861
90173
74869
97423
90187
74873
74887
90191
97429
74891
90197
74897
97441
90199
74903
90203
74923
97453
90217
74929
74933
97459
90227
74941
90239
74959
97463
90247
75011
90263
75013
97499
90271
75017
75029
90281
97501
75037
90289
75041
97511
90313
75079
90353
75083
97523
90359
75109
75133
90371
97547
75149
90373
75161
97549
90379
75167
90397
75169
97553
90401
75181
75193
90403
97561
75209
90407
75211
90437
97571
75217
90439
75223
97577
90469
75227
75239
90473
97579
90481
90499
97583
90511
97607
90523
90527
97609
90529
90533
97613
90547
90583
97649
90599
90617
97651
90619
97673
90631
90641
97687
90647
90659
97711
90677
90679
97729
90697
90703
97771
90709
90731
97777
90749
97787
90787
90793
97789
90803
90821
97813
90823
90833
97829
90841
90847
97841
90863
97843
90887
90901
97847
90907
90911
97849
90917
90931
97859
90947
90971
97861
90977
97871
90989
90997
97879
91009
91019
97883
91033
91079
97919
91081
91097
97927
91099
97931
91121
91127
97943
91129
91139
97961
91141
91151
97967
91153
91159
97973
91163
97987
91183
91193
98009
91199
91229
98011
91237
91243
98017
91249
91253
98041
91283
98047
91291
91297
98057
91303
91309
98081
91331
91367
98101
91369
91373
98123
91381
91387
98129
91393
98143
91397
91411
98179
91423
91433
98207
91453
91457
98213
91459
91463
98221
91493
98227
91499
91513
98251
91529
91541
98257
91571
91573
98269
91577
98297
91583
91591
98299
91621
91631
98317
91639
91673
98321
91691
91703
98323
91711
98327
91733
98347
98369
98377
98387
98389
98407
98411
98419
98429
98443
98453
98459
98467
98473
98479
98491
98507
98519
98533
98543
98561
98563
98573
98597
98621
98627
98639
98641
98663
98669
98689
98711
98713
98717
98729
98731
98737
98773
98779
98801
98807
98809
98837
98849
98867
98869
98873
98887
98893
98897
98899
98909
98911
98927
98929
98939
98947
98953
98963
98981
98993
98999
99013
99017
99023
99041
99053
99079
99083
99089
99103
99109
99119
99131
99133
99137
99139
99149
99173
99181
99191
99223
99233
99241
99251
99257
99259
99277
99289
99317
99347
99349
99367
99371
99377
99391
99397
99401
99409
99431
99439
99469
99487
99497
99523
99527
99529
99551
99559
99563
99571
99577
99581
99607
99611
99623
99643
99661
99667
99679
99689
99707
99709
99713
99719
99721
99733
99761
99767
99787
99793
99809
99817
99823
99829
99833
99839
99859
99871
99877
99881
99901
99907
99923
99929
99961
99971
99989
99991
