50021
50723
50023
50741
51431
52859
50033
52147
50753
51437
52861
50047
53591
50767
52153
51439
54287
52879
50051
50773
53593
52163
51449
55001
50053
52883
54293
50777
52177
53597
50069
55009
55717
54311
51461
50789
52181
53609
50077
52889
55021
56431
54319
50821
52183
53611
50087
51473
55049
55721
52901
57143
54323
50833
50093
53617
55051
56437
52189
57149
54331
51479
50839
53623
50101
57859
58573
52903
55733
55057
57163
54347
53629
50849
50111
52201
58579
56443
55061
51481
57173
54361
50119
50857
53633
57881
52919
58601
55763
55073
52223
57179
54367
50123
53639
50867
56453
58603
51487
55079
54371
57191
52937
55787
50129
57899
50873
52237
58613
55103
53653
56467
54377
51503
57193
50131
50891
58631
64283
55109
52951
55793
52249
53657
57901
50147
57203
50893
54401
58657
51511
56473
50153
57221
55117
58661
50909
52957
55799
57917
54403
59333
52253
53681
64301
57223
50159
51517
50923
63577
58679
56477
55127
52963
57241
50177
54409
50929
52259
57923
58687
53693
55807
51521
59341
64303
57251
50207
50951
63587
56479
58693
55147
52967
54413
57259
53699
57943
50221
55813
52267
50957
51539
58699
59351
64319
57269
50227
52973
56489
63589
55163
50969
58711
53717
54419
57947
55817
51551
52289
50231
52981
54421
62141
59999
50261
64997
65713
66431
51563
62861
52291
60719
52999
54437
67139
62143
60013
50263
62869
62171
50273
65003
67141
51577
60017
53003
65717
52301
54443
66449
60727
62873
50287
62189
67153
60029
62897
51581
50291
62191
54449
52313
65011
53017
65719
66457
60733
67157
60037
50311
62903
62201
51593
50321
52321
60041
53047
54469
67169
62921
65027
60737
66463
50329
65729
51599
60077
62927
52361
67181
50333
53051
54493
60757
72859
65029
60083
62929
50341
51607
66467
65731
67187
52363
50359
53069
60089
72869
62939
54497
60761
51613
50363
65033
67189
60091
52369
66491
62969
53077
72871
65761
50377
54499
51631
60763
67211
60101
50383
62971
52379
65053
72883
53087
66499
50387
67213
60103
65777
51637
54503
62981
60773
52387
72889
50411
60107
67217
53089
65063
62983
66509
51647
65789
50417
54517
60779
72893
60127
52391
62987
53093
67219
65071
51659
60133
50423
74279
72901
54521
66523
65809
62989
60793
79997
52433
53101
60139
50441
67231
72907
51673
65089
63029
54539
60149
60811
52453
66529
65827
53113
74287
57271
50459
72911
51679
79999
53117
67853
57283
72923
50461
51683
74293
67867
70709
57287
53129
61441
75011
80021
73571
77137
51691
75707
72931
76421
80713
50497
67883
57301
70717
74297
53147
72937
67891
51713
61463
57329
50503
73583
75013
70729
80039
77141
53149
76423
80737
75709
67901
57331
72949
51719
74311
70753
50513
61469
62207
67927
57347
53161
73589
75017
51721
80051
77153
70769
67931
76441
80747
57349
75721
50527
62213
61471
74317
53171
51749
67933
57367
70783
62219
73597
50539
75029
80071
77167
57373
76463
67939
61483
75731
53173
80749
62233
51767
70793
74323
50543
57383
67943
62273
73607
75037
70823
53189
50549
61487
51769
57389
75743
77171
76471
80761
67957
50551
62297
70841
57397
53197
51787
73609
80077
75041
61493
62299
67961
50581
77849
57413
70843
75767
80777
77191
76481
53201
62303
51797
67967
57427
50587
61507
70849
73613
75079
62311
80107
53231
57457
67979
77863
51803
50591
67247
53233
51817
50593
80111
71429
68567
72139
77867
87853
53239
67261
51827
83561
82139
82847
50599
81421
71437
84299
79279
68581
72161
53267
87869
51829
50627
71443
80141
77893
67271
68597
72167
83563
82141
53269
82883
81439
87877
84307
51839
79283
50647
68611
71453
72169
67273
77899
53279
80147
51853
87881
68633
50651
71471
72173
83579
82889
82153
81457
79301
84313
68639
51859
53281
71473
50671
67289
87887
72211
77929
80149
68659
71479
51869
50683
72221
53299
82891
81463
83591
87911
79309
82163
84317
67307
68669
71483
62323
72223
51871
50707
53309
80153
74353
68683
62327
82903
71503
81509
83597
82171
84319
72227
67339
79319
51893
80167
53323
68687
62347
71527
74357
72229
80173
51899
53327
67343
68699
62351
81517
82183
83609
82913
79333
84347
71537
72251
59357
80177
80779
51907
62383
53353
74363
60161
65099
52457
62401
80191
51913
53359
60167
59359
69313
87133
80783
74377
62417
78569
65101
52489
80207
60169
51929
53377
69317
84991
85703
59369
62423
87149
60209
80209
51941
52501
69337
53381
74381
65111
78571
80789
62459
60217
59377
87151
80221
85009
69341
85711
52511
51949
62467
53401
60223
65119
74383
78577
87179
69371
59387
62473
80803
52517
60251
80231
51971
53407
85717
62477
69379
85021
65123
60257
87181
59393
52529
88589
53411
74411
78583
51973
80809
80233
62483
60259
69383
87187
65129
52541
85733
59399
53419
60271
51977
85027
69389
77933
78593
88591
80819
80239
60289
87211
52543
87917
53437
69401
59407
65141
51991
60293
85751
77951
85037
87221
52553
69403
87931
53441
52009
78607
59417
60317
88607
80831
65147
80251
69427
87223
52561
60331
87943
53453
52021
85781
77969
59419
77201
63031
80263
54541
52027
57467
72953
66533
63059
60821
73637
77977
69997
57487
77213
54547
52051
72959
63067
80273
57493
86423
66541
70001
90703
89273
92849
60859
52057
54559
63073
77983
72973
73643
57503
77237
70003
66553
63079
80279
57527
52067
54563
60869
72977
86441
70009
89293
90709
92857
77999
73651
57529
63097
77239
52069
66569
54577
72997
70019
60887
89303
57557
63103
52081
86453
57559
70039
78007
54581
73673
66571
77243
73009
63113
92861
60889
90731
57571
80287
70051
52103
63127
54583
73013
57587
73679
66587
60899
86461
80309
77249
70061
63131
92863
52121
73019
90749
54601
57593
63149
70067
60901
73681
66593
57601
73037
86467
52127
80317
54617
77261
63179
70079
92867
57637
91423
89989
90787
73039
60913
86477
63197
66601
73693
57641
70099
54623
80329
73043
77263
63199
75773
76487
68711
65831
90001
91433
61511
67349
72253
87959
70853
75083
68713
79337
80341
84349
75781
72269
65837
76493
70867
61519
87961
68729
67369
92143
91453
90007
72271
75109
70877
79349
80347
68737
87973
84377
65839
61543
75787
76507
72277
67391
70879
68743
87977
92153
75133
91457
90011
61547
65843
72287
79357
80363
70891
75793
68749
76511
84389
67399
87991
72307
70901
61553
68767
75149
65851
91459
92173
90017
79367
75797
80369
76519
72313
67409
88001
70913
84391
68771
61559
65867
80387
75161
72337
70919
68777
92177
88003
82189
67411
79379
61561
80407
72341
84401
68791
70921
65881
82939
88007
93557
75167
67421
80429
72353
68813
70937
82193
79393
61583
50971
65167
82963
69431
78623
71549
60337
88609
80833
52567
50989
53479
93559
69439
65171
80447
60343
71551
94273
85793
82981
52571
78643
50993
60353
69457
53503
71563
88643
80849
95701
65173
94291
60373
52579
93563
80449
51001
69463
85817
53507
71569
82997
78649
60383
52583
69467
65179
94307
51031
80863
71593
53527
95707
60397
80471
89317
93581
69473
85819
52609
83003
51043
71597
94309
78653
60413
65183
53549
69481
80897
60427
52627
71633
51047
80473
94321
95713
53551
85829
89329
65203
69491
83009
60443
78691
71647
52631
51059
74413
80909
53569
69493
60449
89363
65213
71663
83023
85831
52639
51061
78697
60457
69497
95717
94993
74419
89371
71671
80911
83047
60493
65239
51071
69499
52667
94999
57649
85049
70111
92893
74441
87251
57653
88651
95003
81527
70117
99277
83617
77267
57667
82207
87253
85061
74449
88657
70121
92899
96419
95009
97841
57679
81533
87257
77269
70123
88661
57689
83621
82217
99289
74453
95021
85081
57697
70139
87277
92921
88663
96431
97843
81547
77279
57709
95027
70141
82219
74471
83639
87281
88667
99317
85087
57713
70157
81551
95063
92927
57719
77291
96443
97847
87293
88681
74489
82223
70163
57727
83641
99347
62497
78017
85091
81553
87299
88721
70177
77317
72367
92941
62501
96451
97849
75821
70181
87313
88729
83653
62507
72379
78031
81559
85093
99349
77323
70183
62533
87317
88741
72383
92951
75833
97859
96457
70199
83663
62539
78041
85103
81563
58727
72421
86491
62549
84407
54629
90793
67987
58733
90019
72431
67427
76537
59441
65899
78049
62563
58741
54631
67993
72461
86501
90023
62581
84421
98561
90803
58757
59443
67429
65921
68023
76541
78059
54647
62591
72467
58763
90031
68041
59447
62597
86509
72469
65927
67433
58771
54667
84431
90821
98563
68053
78079
66617
62603
58787
59453
72481
54673
65929
68059
67447
62617
58789
86531
84437
72493
66629
59467
78101
90823
80489
68071
62627
58831
98573
54679
65951
72497
67453
62633
58889
68087
80491
59471
66643
86533
54709
84443
93601
58897
90833
65957
68099
57731
80513
67477
98597
59473
94327
58901
54713
66653
57737
68111
80527
86539
84449
65963
58907
67481
57751
93607
59497
90841
54721
68113
94331
66683
80537
58909
57773
98621
68141
65981
67489
59509
58913
54727
86561
84457
94343
57781
80557
92179
60497
60917
66697
93629
52673
65983
80917
90053
73061
68819
73699
63211
60509
75169
60919
66701
52691
60521
63241
68821
73063
90059
65993
92189
80923
73709
75181
60527
63247
97127
93637
68863
52697
73079
60923
66713
90067
66029
60539
63277
68879
73091
52709
80929
73721
75193
92203
95723
76543
90071
60937
57787
63281
68881
97151
93683
73121
57791
52711
63299
90073
68891
75209
60943
73727
80933
73127
57793
76561
63311
92219
52721
95731
90089
68897
97157
57803
93701
73133
63313
60953
52727
89381
75211
68899
73751
57809
76579
80953
63317
73141
92221
57829
60961
68903
52733
89387
95737
63331
97159
91463
73181
75217
73757
57839
76597
68909
80963
89393
52747
63337
61001
57847
73189
92227
68917
63347
75223
73771
89399
57853
91493
76603
78707
77339
88019
56501
69539
70949
75853
61603
92957
79397
88037
69557
76607
89413
72503
56503
96461
70951
78713
77347
91499
80567
61609
75869
69593
72533
88069
79399
70957
56509
92959
76631
69623
78721
77351
89417
61613
72547
58921
90847
79411
90107
61627
70201
74507
77359
66037
82231
85109
92987
78737
94349
58937
89431
72551
70207
61631
58943
79423
72559
90863
94351
66041
74509
90121
70223
58963
77369
85121
82237
95747
78779
92993
61637
72577
58967
70229
79427
94379
90127
89443
74521
72613
90887
58979
82241
61643
70237
78781
77377
85133
94397
95773
93001
58991
79433
72617
70241
74527
90149
61651
89449
58997
82261
94399
72623
90901
85147
70249
51109
59009
65257
74531
67493
72643
66047
70271
94421
59011
90163
89459
51131
81569
84463
82267
65267
72647
90907
85159
59021
70289
67499
66067
74551
94427
51133
59023
72649
70297
84467
65269
89477
90173
81611
85837
51137
78121
67511
62639
72661
70309
95783
83059
62653
51151
65287
72671
70313
92233
63353
84481
81619
67523
78137
85843
62659
90187
51157
72673
63361
70321
83063
89491
65293
95789
62683
63367
67531
72679
70327
81629
78139
51169
92237
85847
84499
62687
63377
68147
65309
90191
83071
72689
89501
62701
63389
51193
67537
68161
95791
78157
81637
85853
84503
63391
72701
62723
92243
65323
51197
68171
63397
67547
90197
83077
62731
72707
89513
68207
63409
51199
65327
81647
78163
95801
62743
85889
84509
92251
72719
52757
63419
68209
80989
83089
90199
62753
63421
68213
54751
72727
89519
52769
78167
83689
62761
97861
63439
85903
68219
95803
92269
72733
54767
63443
81001
62773
52783
83093
68227
90203
78173
72739
63463
89521
83701
62791
68239
54773
55171
52807
97871
73237
63467
81013
72763
66071
68261
99367
66721
63473
90217
54779
52813
73243
55201
83717
89527
72767
63487
68279
86573
66083
97879
81017
73259
54787
66733
52817
63493
55207
72797
68281
99371
90227
63499
73277
89533
83719
54799
72817
86579
66089
52837
55213
66739
59029
81019
97883
68927
73291
59051
54829
72823
90239
55217
99377
68947
83737
66103
77383
97919
73303
59053
66749
86587
89561
81023
54833
59063
68963
55219
73309
66107
90247
59069
94433
66751
77417
68993
54851
83761
99391
55229
73327
86599
59077
89563
69001
66109
59083
59513
94439
93047
73331
66763
55243
98627
75227
77419
90263
59093
69011
99397
73351
86627
66137
59539
59107
94441
89567
55249
69019
66791
59113
75239
93053
77431
73361
90271
66161
98639
94447
59557
59119
69029
55259
97169
59123
89591
62801
69031
90911
75253
77447
66169
59561
93059
59141
94463
76649
62819
90281
93703
69061
59149
98641
97171
59567
62827
75269
66173
89597
94477
59159
77471
69067
90917
76651
93077
59167
62851
90289
59581
69073
93719
94483
66179
59183
98663
68311
75277
77477
63521
97177
89599
73363
76667
59611
90931
68329
94513
63527
66191
93083
90313
73369
93739
63533
75289
68351
77479
59617
98669
76673
94529
89603
63541
73379
97187
66221
90947
68371
63559
59621
93089
73387
75307
90353
93761
94531
77489
68389
63599
76679
78787
61007
95813
92297
89611
73417
68399
97213
59197
94541
63601
90359
73783
93763
73421
61027
59207
84521
76697
78791
68437
92311
89627
59209
95819
94543
73433
68443
63607
97231
59219
61031
73819
78797
84523
76717
90371
73453
68447
93787
59221
94547
82279
63611
89633
85193
92317
61043
59233
74561
68449
73459
95857
73823
78803
94559
59239
84533
63617
90373
68473
82301
73471
61051
59243
85199
74567
89653
92333
73847
94561
68477
59263
73477
95869
78809
63629
61057
59273
84551
90379
68483
82307
94573
73483
74573
73849
59281
85201
63647
92347
89657
61091
78823
73517
70351
95873
84559
90397
94583
82339
73859
69109
74587
63649
70373
73523
61099
85213
92353
78839
89659
69119
94597
70379
73529
73867
95881
74597
63659
69127
82349
61121
84589
90401
70381
73547
85223
99401
67559
94603
69143
66239
89669
79451
70393
74609
69149
61657
73553
82351
84629
81649
94613
90403
67567
66271
69151
70423
85229
73561
99409
61667
74611
89671
79481
69163
70429
94621
66293
67577
81667
84631
86629
90407
69191
61673
97241
70439
85237
79493
69193
94649
99431
89681
66301
67579
70451
83101
97259
84649
81671
61681
69197
78179
90437
86677
94651
70457
69203
66337
67589
79531
97283
61687
89689
99439
83117
70459
69221
81677
84653
78191
94687
86689
90439
66343
69233
97301
67601
70481
79537
61703
94693
69239
83137
68489
89753
81689
78193
84659
99469
66347
97303
67607
61717
86693
69247
90469
68491
79549
94709
69257
66359
83177
97327
78203
81701
68501
89759
61723
67619
84673
69259
94723
99487
86711
79559
90473
68507
97367
69263
66361
64327
78229
53719
83203
68521
51203
94727
90971
65353
54869
97369
86719
95891
90481
70487
68531
53731
64333
77491
51217
78233
94747
83207
70489
54877
68539
97373
65357
53759
90977
51229
64373
70501
86729
90499
77509
95911
68543
94771
54881
78241
97379
65371
70507
51239
89767
66797
64381
54907
94777
70529
90989
77513
55291
97381
90511
86743
51241
65381
95917
66373
70537
66809
54917
64399
94781
89779
55313
51257
97387
70549
66377
77521
65393
90997
54919
86753
90523
66821
94789
64403
55331
95923
66383
70571
51263
97397
89783
65407
54941
66403
77527
70573
55333
94793
51283
66841
64433
91009
86767
90527
97423
66413
70583
54949
95929
65413
51287
55337
94811
77543
64439
66851
89797
70589
97429
54959
86771
51307
91019
90529
81031
55339
65419
94819
70607
64451
95947
66853
77549
97441
57973
97927
81041
89809
55343
70619
94823
86783
91033
90533
97453
66863
75323
81043
57977
70621
93097
55351
83773
95957
94837
97931
89819
70627
81047
97459
66877
86813
57991
55373
90547
75329
91079
94841
70639
83777
93103
81049
97463
95959
58013
53773
97943
92357
70657
86837
94847
75337
81071
90583
76733
97499
83791
58027
53777
70663
93113
93809
95971
81077
94849
92363
75347
70667
58031
97961
97501
53783
86843
90599
76753
83813
81083
94873
70687
93131
58043
97511
95987
93811
53791
75353
81097
92369
94889
76757
86851
90617
97967
83833
59627
58049
53813
97523
81101
93133
75367
59629
94903
93827
95989
92377
76771
58057
81119
90619
53819
86857
59651
97547
83843
97973
94907
75377
59659
81131
58061
93139
53831
55819
97549
78853
76777
98689
93851
96001
90631
92381
59663
86861
63667
94933
61129
81157
55823
59669
97553
90641
76781
78857
81163
94949
63671
59671
61141
93871
98711
96013
92383
86869
55829
90647
97561
59693
81173
94951
76801
63689
61151
78877
59699
55837
90659
74623
97571
81181
98713
86923
96017
59707
94961
61153
63691
55843
90677
78887
99497
81197
97577
85243
74653
61169
63697
55849
96043
98717
86927
81199
53849
97579
78889
90679
78259
63703
55871
99523
85247
74687
61211
81203
53857
78277
97583
96053
86929
78893
55889
98729
63709
81223
53861
61223
78283
74699
90697
85259
97607
99527
53881
55897
81233
78301
59723
63719
78901
61231
53887
96059
86939
97609
78307
98731
74707
59729
81239
55901
85297
53891
89821
63727
61253
78311
59743
61729
67631
99529
81703
97613
81281
86951
74713
73877
84691
96079
53897
59747
78317
85303
89833
61751
81283
67651
97649
59753
53899
81707
78341
73883
99551
74717
86959
59771
84697
81293
61757
96097
97651
78347
67679
85313
89839
53917
59779
83219
81727
81299
73897
78367
61781
59791
97673
53923
84701
86969
67699
64453
91081
96137
78401
81307
89849
59797
83221
73907
61813
53927
81737
97687
78427
59809
67709
81331
64483
86981
84713
78437
53939
91097
61819
59833
89867
73939
97711
96149
81343
83227
81749
64489
67723
78439
59863
53951
84719
86993
61837
81349
97729
59879
78467
73943
91099
64499
53959
83231
67733
89891
81761
96157
59887
81353
78479
61843
97771
84731
87011
53987
64513
59921
73951
80599
54973
78487
51329
81359
91121
83233
59929
97777
89897
53993
96167
78497
79561
51341
54979
64553
81371
87013
59951
80603
93151
78509
54001
97787
83243
54983
59957
51343
81373
91127
89899
64567
79579
78511
96179
51347
59971
97789
87037
54011
80611
81401
51349
55381
93169
92387
78517
66883
54013
79589
51361
97813
81409
59981
55399
54037
78539
75389
96181
87041
80621
66889
51383
92399
78541
54049
55411
97829
93179
79601
75391
51407
78553
54059
55439
66919
87049
65423
80627
96199
97987
54083
79609
92401
58067
51413
65437
93187
55441
75401
93887
54091
66923
89909
58073
87071
80629
98009
51419
96211
55457
93889
58099
79613
54101
92413
75403
66931
51421
93199
58109
98011
93893
70969
55469
87083
89917
71693
58111
66943
83857
75407
63737
98017
93901
96221
92419
55487
58129
89923
71699
77551
70979
87103
58147
66947
93911
71707
89939
63743
98041
55501
75431
83869
58151
70981
96223
92431
77557
93913
71711
66949
89959
58153
55511
63761
87107
98047
75883
96469
78919
74719
83873
58169
54121
70991
99559
93923
77563
76819
96233
63773
98057
58171
89963
54133
74729
78929
93937
58189
83891
96479
70997
77569
98081
76829
63781
54139
58193
99563
93941
96259
74731
58199
78941
54151
83903
98101
89977
77573
70999
93949
63793
76831
58207
96487
54163
74747
96263
99571
71713
93967
98123
58211
54167
63799
83911
77587
78977
71011
76837
54181
58217
93971
71719
98129
74759
96493
54193
63803
58229
96269
77591
99577
71023
78979
93979
83921
54217
71741
58231
76847
98143
67741
54251
74761
55903
93983
58237
96497
61261
78989
96281
98737
58243
98179
76871
71761
54269
99581
55921
93997
67751
74771
58271
89983
61283
71777
54277
94007
55927
98207
79031
96517
76873
58309
67757
96289
98773
71789
74779
61291
94009
88079
79621
81769
64577
67759
71807
83257
91129
55529
61297
73961
85331
71809
84737
88093
96293
55541
75913
98779
83267
64579
67763
79627
55547
71821
81773
61331
88117
55579
91139
83269
73973
71837
85333
75931
64591
84751
67777
55589
88129
96323
61333
79631
98801
71843
83273
81799
55603
64601
88169
73999
71849
55609
91141
75937
67783
61339
85361
83299
84761
55619
79633
88177
96329
81817
55621
64609
61343
83311
67789
75941
88211
55631
79657
74017
77611
91151
85363
87323
84787
55633
71861
61861
64613
81839
96331
55639
75967
83339
87337
74021
77617
71867
79669
93229
55661
85369
91153
61871
64621
84793
87359
55663
83341
71879
81847
75979
74027
96337
55667
77621
61879
87383
64627
79687
71881
83357
55673
88747
93239
80651
75437
55681
87403
61909
71887
77641
83383
66959
74797
55691
92459
96353
87119
87407
71899
88771
79691
80657
55697
75479
83389
61927
93241
77647
55711
66973
74821
87421
71909
83399
92461
96377
61933
79693
87121
75503
87427
80669
71917
66977
77659
74827
93251
83401
74047
87433
96401
94033
71933
61949
75511
79697
92467
80671
96527
67003
83407
87443
74831
71941
94049
77681
74051
61961
93253
75983
83417
87473
71947
75521
94057
67021
79699
80677
92479
74843
74071
96553
77687
63809
51427
71963
83423
94063
88223
75527
75989
67033
71971
63823
74077
80681
94079
74857
83431
77689
79757
75533
88237
92489
96557
71983
75991
67043
63839
94099
83437
88241
83933
91513
74093
99607
71987
79769
77699
94109
88259
79039
83443
76883
75997
63841
96581
71993
71039
83939
94111
88261
79777
74099
77711
83449
91529
71999
99611
63853
76907
79043
76001
71059
88289
94117
83459
72019
96587
83969
79801
74101
77713
63857
88789
94121
91541
72031
71069
83471
76003
79063
76913
99623
87481
63863
94151
72043
83983
96589
79811
77719
87491
83477
88793
71081
76031
76919
79087
94153
72047
91571
63901
87509
99643
83497
77723
79813
83987
72053
94169
96601
87511
71089
88799
76039
83537
79103
76943
72073
91573
94201
67801
87517
99661
79817
77731
84011
83557
71119
72077
94207
76079
96643
88301
88801
79111
76949
67807
91577
79823
94219
71129
77743
88321
84017
99667
72089
56519
85381
76081
91159
67819
96661
87523
84809
94229
61357
72091
88807
79829
81853
77747
56527
64633
87539
91163
72101
67829
76091
94253
61363
85411
56531
87541
84811
96667
88811
77761
72103
91183
64661
81869
94261
79841
67843
61379
76099
56533
72109
64663
85427
88327
91193
84827
77773
96671
88813
64667
61381
93257
81883
56543
79843
88337
76103
63907
91199
87547
85429
64679
93263
61403
84857
88339
56569
77783
88817
63913
81899
79847
96697
91229
87553
76123
93281
88379
61409
64693
56591
85439
84859
93283
63929
91237
77797
87557
88397
79861
88819
61417
81901
76129
64709
56597
96703
93287
88411
91243
87559
85447
81919
77801
84869
64717
63949
56599
61967
76147
93307
88843
88423
91249
79867
87583
56611
96731
63977
93319
85451
88427
64747
61979
91253
81929
77813
95071
87587
76157
80683
75539
79873
67049
93323
88463
91283
91583
63997
61981
87589
77839
96737
74131
88469
80687
93329
75541
76159
91291
95083
67057
79889
61987
87613
91591
80701
64007
88471
93337
91297
74143
71143
75553
76163
67061
96739
87623
61991
84871
88493
93371
91303
95087
91621
74149
79901
64013
71147
87629
88499
93377
67073
91309
62003
75557
76207
84913
64019
88513
74159
96749
87631
93383
95089
91331
71153
79903
91631
62011
67079
76213
75571
88523
64033
93407
91367
87641
74161
84919
62017
71161
88547
67103
76231
95093
93419
91369
96757
91639
74167
87643
75577
64037
69653
62039
71167
91373
93427
84947
74177
87649
67121
76243
69661
95101
75583
64063
74189
96763
91381
91673
93463
62047
71171
69677
87671
67129
74197
84961
91387
76249
93479
64067
69691
75611
95107
60589
76961
74861
79133
79907
96769
92503
71191
91393
93481
60601
88853
64081
84967
84047
76253
60607
74869
76963
91397
79139
93487
71209
60611
79939
96779
64091
92507
91411
60617
93491
88861
84977
84053
76259
74873
76991
79147
60623
71233
79943
93493
60631
64109
96787
74887
92551
69697
87679
76261
79967
77003
84979
84059
93497
60637
71237
79151
69709
74891
60647
71249
93503
88867
69737
60649
79973
96797
77017
76283
64123
84061
92557
79153
60659
74897
93523
69739
85453
71257
87683
60661
88873
69761
64151
77023
93529
76289
79979
60679
84067
96799
79159
87691
74903
92567
69763
71261
60689
93553
85469
64153
69767
87697
77029
76303
60703
79987
88883
74923
79181
69779
84089
71263
96821
87701
92569
74929
88897
85487
69809
62053
76333
87719
71287
69821
99679
75617
74201
64157
64763
88903
96823
77041
62057
81931
69827
85513
76343
75619
84121
71293
69829
64171
64781
74203
75629
62071
87721
88919
99689
77047
69833
81937
84127
96827
85517
76367
75641
64783
71317
64187
69847
87739
62081
84131
74209
75653
77069
88937
69857
81943
99707
87743
85523
64793
84137
96847
64189
76369
71327
75659
62099
69859
74219
87751
84143
77081
75679
69877
64811
81953
64217
88951
71329
62119
76379
85531
84163
99709
82361
75683
69899
87767
74231
64817
77093
69911
75689
64223
62129
84179
81967
87793
76387
71333
88969
85549
69929
75703
82373
74257
64849
99713
84181
62131
64231
77101
69931
87797
88993
76403
71339
81971
69941
82387
84191
85571
64853
99719
62137
87803
79187
64237
88997
69959
91691
96851
71341
84199
56629
82393
74933
87811
69991
79193
85577
64271
95111
84211
56633
89003
81973
71347
87833
85909
74941
96857
82421
91703
84221
64279
79201
56659
85597
82003
58313
95131
71353
89009
85931
82007
64871
58321
84223
82457
56663
91711
74959
96893
79229
85601
58337
82009
64877
84229
71359
56671
55931
95143
64879
58363
82463
89017
85933
82013
91733
79231
84239
56681
65447
64891
85607
96907
58367
71363
82021
58369
84247
56687
82469
89021
82031
85991
95153
64901
79241
65449
91753
58379
85619
71387
96911
84263
82037
56701
58391
64919
82471
65479
89041
79259
85999
82039
58393
71389
95177
56711
91757
85621
58403
82051
64921
96931
65497
56713
82483
79273
58411
89051
71399
86011
98213
82067
64927
85627
58417
56731
91771
55933
86017
82073
92581
96953
98221
71411
58427
82487
89057
64937
56737
86027
82129
55949
58439
98227
85639
71413
91781
58441
86029
92593
56747
96959
82493
55967
98251
64951
89069
58451
86069
71419
55987
85643
82499
56767
98257
58453
91801
64969
92623
96973
86077
98807
55997
82507
85661
89071
58477
99721
56773
56003
98269
86083
58481
82529
91807
92627
56779
56009
58511
96979
65519
82531
98809
89083
86111
98297
85667
99733
58537
82549
56783
56039
86113
98299
65521
58543
91811
92639
82559
89087
98837
85669
56041
58549
96989
56807
99761
86117
98317
65537
82561
95189
58567
56053
91813
56809
86131
82567
85691
89101
98321
98849
65539
99767
96997
56081
82571
86137
56813
95191
91823
98323
98867
82591
65543
97001
56087
89107
56821
86143
99787
92641
82601
98327
97003
56093
65551
95203
86161
56827
98869
91837
82609
99793
89113
97007
98347
56099
86171
82613
65557
56843
92647
99809
97021
95213
98369
56101
91841
98873
82619
86179
89119
56857
65563
97039
99817
82633
92657
56113
98377
86183
56873
97073
95219
65579
91867
82651
98887
89123
99823
56123
86197
98387
56891
97081
82657
65581
92669
99829
56131
86201
95231
82699
91873
98389
56893
97103
89137
98893
65587
56149
82721
86209
99833
97117
98407
56897
92671
82723
89153
95233
65599
98897
91909
86239
56167
99839
98411
56909
82727
56911
95239
86243
56171
65609
98419
92681
99859
82729
89189
56921
91921
98899
95257
86249
56923
98429
56179
82757
65617
56929
99871
95261
82759
92683
86257
89203
98443
56941
56197
91939
65629
98909
95267
56951
99877
82763
98453
86263
56957
56207
95273
65633
89209
82781
92693
98459
99881
56963
86269
91943
98911
56209
95279
82787
56983
65647
98467
99901
86287
82793
95287
56989
89213
92699
56237
91951
98473
65651
56993
82799
86291
98927
95311
99907
56239
56999
82811
98479
89227
92707
86293
95317
65657
57037
99923
91957
56249
82813
98491
98929
57041
95327
86297
65677
82837
99929
56263
57047
89231
92717
98507
95339
91961
86311
57059
65687
56267
99961
98939
98519
95369
57073
86323
89237
92723
57077
56269
98533
95383
65699
91967
99971
86341
57089
98947
95393
98543
56299
89261
65701
57097
99989
86351
92737
91969
95401
57107
56311
89269
86353
65707
99991
91997
57119
98953
95413
56333
57131
92753
56359
92003
86357
95419
57139
56369
92009
86369
56377
98963
95429
92761
56383
92033
95441
86371
92767
98981
56393
92041
56401
95443
92779
98993
86381
56417
92051
92789
95461
98999
86389
92077
92791
95467
92083
99013
86399
92801
95471
92107
86413
99017
92809
95479
92111
92821
95483
99023
92119
92831
95507
99041
95527
99053
95531
95539
99079
95549
99083
95561
95569
99089
95581
95597
99103
95603
95617
99109
95621
95629
99119
95633
95651
99131
99133
99137
99139
99149
99173
99181
99191
99223
99233
99241
99251
99257
99259
